100
2
10 11
3
0 9 9
4
81 67 83 86
3
11 22 30
1
0
1
5
1
999999
1
1000000
2
5 10
3
0 10 11
5
10 20 21 22 23
5
422808 211404 761062 845625 491519
5
44 36 1 5 2
5
24 77 35 99 84
5
55 0 63 73 38
5
87 82 49 28 92
5
20 37 65 42 32
5
72 75 100 42 93
5
0 72 15 36 75
5
80 10 16 15 38
5
91 79 4 80 16
5
74 75 19 5 10
10
65 54 20 22 80 94 83 73 11 7
10
38 48 99 20 85 73 90 48 48 2
10
38 41 15 75 66 61 30 62 61 24
10
57 26 70 100 92 59 39 85 45 42
10
38 88 63 31 1 98 35 7 98 44
10
5 33 53 33 25 89 37 25 40 100
10
57 81 99 59 74 16 55 65 7 47
10
14 44 92 98 24 20 36 56 91 47
10
98 83 62 33 86 61 96 98 18 43
10
75 96 28 17 40 16 88 19 77 64
5
928516 924642 899511 990139 838659
5
891783 937161 891617 864001 851687
5
821723 823754 917206 969160 956218
5
993309 928988 881296 867026 991914
5
860828 978416 927385 993659 982794
5
971331 885966 804672 970593 984912
5
931616 935807 837473 920724 953138
5
982979 882048 943043 867302 931105
5
890505 950568 801270 845017 956406
5
876063 936665 878088 878446 946459
10
872898 800417 882624 855773 938570 999254 825637 836692 917593 943806
10
854717 959431 987452 902595 828844 908783 996711 919407 942230 863715
10
960945 901010 922167 847774 839525 960378 834869 998259 979958 813127
10
924775 881745 800140 824280 807907 951608 878980 864595 932359 919186
10
970694 941153 862604 989115 866014 848515 824345 839753 891019 881869
10
901120 952992 974671 950956 970562 934395 847241 942758 980745 825349
10
834164 852707 906213 886664 982190 988508 815755 854462 935780 957237
10
953270 912051 891516 946629 898348 871471 920601 895627 920274 931222
10
925628 822525 821095 883925 958745 800512 917385 842871 811351 906154
10
852595 896837 966085 979663 915125 930178 947997 958886 996691 891969
10
10 907642 865673 68 97 871548 98 818676 896064 88
10
49 29 834799 879341 16 69 945366 964029 999406 2
10
932056 90 889274 29 811550 950298 910886 25 76 34
10
941376 932166 5 807242 30 2 845375 81 46 895933
10
88 912745 99 870124 97 920427 36 28 998310 979183
10
921052 943348 58 893658 30 831083 24 74 2 922053
10
938845 13 97 895225 50 1 823150 90 890299 800267
10
905286 964409 803602 959412 92 38 75 940283 78 9
10
807877 37 18 64 949024 74 997655 879306 47 934875
10
879914 976155 67 56 25 982734 72 804875 76 987488
10
817328 26 824801 81 963676 42 948035 38 975646 6
10
40 84 844485 821053 967214 880697 863034 94 28 61
10
22 904879 983977 849287 67 821577 45 99 831450 95
10
83 21 26 917230 810718 910698 951896 861890 65 83
10
11 23 61 886884 908315 25 872898 808332 43 927196
10
33 43 807518 912264 849237 808937 39 865722 90 15
10
844165 62 87 87 864776 86 965731 14 884415 986207
10
0 66 808555 821892 1 995837 41 894055 54 959739
10
30 982184 821727 97 921060 17 969307 62 44 939179
10
951519 66 948897 931807 808129 90 56 48 821539 35
7
175510 786455 948075 888015 675505 948805 544510
7
342535 513060 256150 507300 499290 548684 242503
9
978510 61306 983028 686970 517365 906195 567085 834140 479671
9
133340 953674 716820 189197 327085 718375 418570 904550 848418
7
816495 11605 72750 45865 958719 269700 681115
8
855549 742595 222395 748585 428300 191274 351418 256275
7
598025 311230 563245 41055 675795 617876 147950
7
167555 429605 470735 700168 502795 487015 232880
9
570375 811243 951755 738800 362861 517665 686385 466955 706727
8
872750 497616 209459 295660 583935 333775 399925 221160
8
918600 304724 658625 625350 690455 813758 778885 937980
8
698385 22995 693366 808765 474506 583226 107885 603810
8
706790 170735 409125 267650 87945 295810 291350 378170
7
591810 642920 548365 232335 522620 58205 895080
10
524420 825307 270405 404880 225680 800829 197845 338320 756690 925400
9
321770 995895 466665 193110 287265 562050 590080 160460 527698
10
57420 313100 806805 263700 1584 712625 45070 564055 722100 495545
8
637880 85550 445946 532553 254600 748596 524300 837365
8
5449 193260 719433 230095 332140 721800 87380 865465
9
262620 479065 905000 14830 747020 209765 550300 70135 505730
8
564595 931307 501801 563164 938742 516890 897349 637447
9
837905 983911 176059 698350 729935 598796 936528 572185 954637
7
331297 207708 113562 676819 166172 383485 608855
7
342753 707381 765102 365416 598801 127375 320315
9
362348 286278 914012 798472 286352 224828 257950 850389 332123
10
96741 694098 592486 664830 419605 948559 345976 546141 703839 558854
3
599853 832953 146091
10
826178 61879 8302 326162 574061 732480 277865 822228 740583 695749
